000066B1AAACBDF51C2C8D3DAB469B70CD823B0B	81107	93335	4
00007ECB8DA5563F89D99B92287B6374B3997CC9	164123	91827	3
00007EF44EC999317E1EF1E40CFAC8F7B2E43F90	240556	104001	3
0000C15E1E2EE98C517136A0D11379D1B5BC1DF9	48639	89358	2
0000D1579B91D66DF969DE2E7B6B618726EFF2BC	13550	93460	3
0000D88E19F121639542AAA41AE832B4FF496EE3	21506	89457	3
0000E5E6329C93543C26DAB1B9CD99FDBFAFA642	19919	90504	3
0000FB2CB851F0F06C53CF3161F6CE5DF8744047	27760	62008	2
00010A9DF03F7EFFCCAADAE62A94194BDEF9F2CD	120295	93312	5
00011B6F6B5C54C77BCADC569DE0FCF1C68479D1	250261	104256	3
